<?xml version="1.0" encoding="UTF-8" standalone="no"?>
<!DOCTYPE svg PUBLIC "-//W3C//DTD SVG 20010904//EN"
              "http://www.w3.org/TR/2001/REC-SVG-20010904/DTD/svg10.dtd">

<svg xmlns="http://www.w3.org/2000/svg"
     width="82.5502mm" height="82.5502mm"
     viewBox="0 0 325 325">
  <path id="Selection"
        fill="none" stroke="black" stroke-width="1"
        d="M 137.00,2.53
           C 141.30,1.83 145.65,1.95 150.00,2.00
             169.97,2.24 187.83,22.13 186.96,42.00
             186.36,55.69 169.13,74.91 157.00,80.05
             153.14,81.68 149.16,82.12 145.00,81.96
             127.06,81.26 113.07,66.66 111.17,49.00
             110.34,41.24 112.37,32.20 115.20,25.00
             119.40,14.34 125.65,5.91 137.00,2.53 Z
           M 4.00,190.00
           C 7.50,187.32 9.04,187.27 13.00,185.77
             27.00,180.49 23.54,181.90 38.00,179.87
             38.00,179.87 78.00,172.74 78.00,172.74
             78.00,172.74 146.00,157.87 146.00,157.87
             146.00,157.87 164.00,152.01 164.00,152.01
             164.00,152.01 211.00,145.83 211.00,145.83
             211.00,145.83 235.00,143.91 235.00,143.91
             235.00,143.91 247.00,143.00 247.00,143.00
             262.49,142.98 280.00,141.77 295.00,145.23
             300.14,146.42 307.34,147.20 311.00,151.04
             311.00,151.04 297.00,151.04 297.00,151.04
             297.00,151.04 285.00,152.00 285.00,152.00
             285.00,152.00 262.00,153.00 262.00,153.00
             262.00,153.00 251.00,153.91 251.00,153.91
             251.00,153.91 224.00,155.83 224.00,155.83
             206.66,157.51 181.45,159.19 165.00,163.48
             165.00,163.48 153.00,167.61 153.00,167.61
             153.00,167.61 102.00,179.21 102.00,179.21
             102.00,179.21 62.00,186.96 62.00,186.96
             62.00,186.96 52.00,186.96 52.00,186.96
             52.00,186.96 42.00,188.00 42.00,188.00
             32.39,188.11 11.42,192.09 4.00,190.00 Z
           M 161.00,244.00
           C 161.57,249.11 153.69,258.20 151.00,263.00
             158.66,260.21 169.06,259.67 175.98,264.65
             182.87,269.59 191.24,286.43 190.76,295.00
             190.29,303.39 188.46,309.77 180.99,314.53
             175.72,317.89 167.29,321.69 161.00,321.96
             140.03,322.87 123.66,303.53 127.33,283.00
             128.38,277.10 132.55,272.47 136.25,268.00
             145.74,256.51 150.07,253.49 161.00,244.00 Z" />
</svg>
